rnd-1_family-62-CLASSI/LINE contig_70 85.687 1041 53 66 1 980 3296415 3297420 0 1009
rnd-1_family-62-CLASSI/LINE contig_70 86.235 741 52 38 1 697 4445637 4444903 0 758
rnd-1_family-62-CLASSI/LINE contig_70 84.603 604 50 28 64 643 4470597 4471181 2.18e-158 560
rnd-1_family-62-CLASSI/LINE contig_70 89.286 364 29 9 344 697 4061603 4061240 1.77e-124 448
rnd-1_family-62-CLASSI/LINE contig_70 79.835 486 63 19 230 697 1880919 1880451 1.12e-86 322
rnd-1_family-62-CLASSI/LINE contig_71 87.77 695 52 29 36 699 943439 942747 0 782
rnd-1_family-62-CLASSI/LINE contig_71 85.676 377 43 10 332 697 656720 656344 3.91e-106 387
rnd-1_family-62-CLASSI/LINE contig_71 94.565 184 9 1 445 627 205285 205102 5.28e-75 283
rnd-1_family-62-CLASSI/LINE contig_17 87.608 694 49 31 35 699 1364325 1365010 0 771
rnd-1_family-62-CLASSI/LINE contig_17 83.037 731 65 41 1 697 924365 925070 7.66e-173 608
rnd-1_family-62-CLASSI/LINE contig_17 82.766 499 26 32 36 510 468830 469292 3.02e-107 390
rnd-1_family-62-CLASSI/LINE contig_17 92.166 217 10 6 490 699 1226768 1226552 5.24e-80 300
rnd-1_family-62-CLASSI/LINE contig_17 86.667 195 22 3 298 488 1295259 1295065 7.02e-54 213
rnd-1_family-62-CLASSI/LINE contig_17 81.25 208 32 5 499 699 581560 581767 2.58e-38 161
rnd-1_family-62-CLASSI/LINE contig_81 85.342 730 59 33 1 696 77524 78239 0 712
rnd-1_family-62-CLASSI/LINE contig_26 85.938 640 47 33 84 699 3407632 3408252 0 643
rnd-1_family-62-CLASSI/LINE contig_57 87.59 556 41 22 169 696 203833 203278 3.54e-176 619
rnd-1_family-62-CLASSI/LINE contig_57 84.431 668 49 37 36 677 3307390 3308028 2.76e-172 606
rnd-1_family-62-CLASSI/LINE contig_57 82.545 275 19 20 34 289 822825 822561 1.95e-54 215
rnd-1_family-62-CLASSI/LINE contig_46 80.475 589 58 29 57 623 483876 484429 1.81e-109 398
rnd-1_family-62-CLASSI/LINE contig_46 89.931 288 22 6 381 661 295714 296001 1.83e-99 364
rnd-1_family-62-CLASSI/LINE contig_23 80.274 583 37 32 41 603 23819 23295 1.42e-100 368
rnd-1_family-62-CLASSI/LINE contig_73 89.474 228 19 4 472 697 534189 534413 5.28e-75 283
rnd-1_family-62-CLASSI/LINE contig_73 85.787 197 12 12 1 181 533999 534195 2.54e-48 195
rnd-1_family-62-CLASSI/LINE contig_79 87.179 234 14 15 81 298 1526046 1526279 1.49e-65 252
rnd-1_family-62-CLASSI/LINE contig_79 89.266 177 15 3 388 560 1526277 1526453 1.51e-55 219
rnd-1_family-62-CLASSI/LINE contig_21 83.929 168 19 7 430 596 1894253 1894413 4.32e-36 154
rnd-1_family-62-CLASSI/LINE contig_33 80.952 189 24 9 522 699 4844704 4844891 1.21e-31 139
rnd-1_family-62-CLASSI/LINE contig_76 82.486 177 12 17 103 270 497696 497530 4.35e-31 137
rnd-1_family-62-CLASSI/LINE contig_64 91.463 82 4 3 248 326 2385793 2385712 9.48e-23 110
rnd-1_family-62-CLASSI/LINE contig_8 88.372 86 7 3 110 192 1509330 1509415 5.7e-20 100
